name               arm | failed kinds steps attempts secs    
-----------------------| ------------------------------------
amend_without_bars lib | 6      2     1     113      2.528138
amend_without_bars new | 6      2     1     267      4.163627
amend_without_bars new2| 6      2     1     282      4.220916
  lib 5x  1 3 1 2 757503000000000000 0 0 0 1 1 1 5 1 0 0 0
  lib 1x  1 1 757503000000000000 0 0 0 1 1 1 3 1 6 0 1 5 1 0 0 0
  new 5x  1 4 1 2 757503000000000000 0 0 0 1 1 1 5 1 0 0 0
  new 1x  1 1 757503000000000000 0 0 0 1 1 1 4 1 6 0 1 5 1 0 0 0
  new2 5x  1 4 1 2 757503000000000000 0 0 0 1 1 1 5 1 0 0 0
  new2 1x  1 1 757503000000000000 0 0 0 1 1 1 4 1 6 0 1 5 1 0 0 0
name            arm | failed kinds steps    attempts secs    
--------------------| ---------------------------------------
merge_loses_pnl lib | 6      4     3.333333 253      4.804391
merge_loses_pnl new | 6      3     3        396      5.40217 
merge_loses_pnl new2| 6      3     3        390      5.248673
  lib 3x  fill (`A;`buy;1;1f) ; rename (`A;`N0;2024.01.03) ; fill (`N0;`sell;1;2f) ; eod
  lib 1x  1 3 1 6 2 0 0 1 0 757589400000000000 2 0 0 1 0 0 0 1 4 1 2 757589400000000000..
  lib 1x  rename (`A;`N0;2024.01.03) ; eod ; fill (`C;`buy;1;1f) ; rename (`C;`N1;2024.01.04) ; fill (`N1;`sell;1;2f) ; eod
  lib 1x  1 3 1 6 0 0 0 1 0 757589400000000000 0 0 0 1 0 0 0 1 4 1 1 757675800000000000..
  new 4x  fill (`A;`buy;1;1f) ; rename (`A;`N0;2024.01.03) ; fill (`N0;`sell;1;2f) ; eod
  new 1x  1 6 2 0 0 1 0 757503000000000000 2 0 0 1 0 0 0 1 4 1 2 757503000000000000 2 0..
  new 1x  1 6 1 0 0 1 0 757503000000000000 1 0 0 1 0 0 0 1 4 1 1 757589400000000000 1 0..
  new2 4x  fill (`A;`buy;1;1f) ; rename (`A;`N0;2024.01.03) ; fill (`N0;`sell;1;2f) ; eod
  new2 1x  1 6 0 0 0 1 0 757503000000000000 0 0 0 1 0 0 0 1 4 1 2 757503000000000000 0 0..
  new2 1x  1 6 0 0 0 1 0 757503000000000000 0 0 0 1 0 0 0 1 4 1 1 757589400000000000 0 0..
name             arm | failed kinds steps attempts secs    
---------------------| ------------------------------------
oracle_by_stored lib | 6      5     1     362      7.86296 
oracle_by_stored new | 6      4     1     428      7.145987
oracle_by_stored new2| 6      3     1     404      6.787615
  lib 2x  1 3 1 6 0 0 0 1 0 757589400000000000 0 0 0 1 0 0 0 1 4 1 1 757675800000000000..
  lib 1x  1 3 1 6 2 0 0 1 0 757589400000000000 2 0 0 1 0 0 0 1 4 1 2 757589400000000000..
  lib 1x  1 3 1 0 757589400000000000 2 0 0 1 0 0 0 1 6 2 0 0 1 4 1 1 757675800000000000..
  lib 1x  1 1 757503000000000000 0 0 0 1 1 1 3 1 6 0 1 6 1 0 0 1 0 757589400000000000 1..
  lib 1x  1 1 757503000000000000 0 0 0 1 1 1 5 0 1 0 757503000000000000 0 0 0 1 0 0 0 1..
  new 2x  1 6 0 0 0 1 0 757503000000000000 0 0 0 1 0 0 0 1 4 1 1 757589400000000000 0 0..
  new 2x  1 6 1 0 0 1 0 757503000000000000 1 0 0 1 0 0 0 1 4 1 1 757589400000000000 1 0..
  new 1x  1 6 2 0 0 1 0 757503000000000000 2 0 0 1 0 0 0 1 4 1 2 757503000000000000 2 0..
  new 1x  1 0 757503000000000000 2 0 0 1 0 0 0 1 6 2 0 0 1 4 1 1 757589400000000000 2 0..
  new2 4x  1 6 0 0 0 1 0 757503000000000000 0 0 0 1 0 0 0 1 4 1 1 757589400000000000 0 0..
  new2 1x  1 6 0 0 0 1 0 757503000000000000 0 0 0 1 0 0 0 1 4 1 2 757503000000000000 0 0..
name            arm | failed kinds steps attempts secs    
--------------------| ------------------------------------
merge_keeps_old lib | 6      4     1     171      3.06295 
merge_keeps_old new | 6      3     1     317      4.058579
merge_keeps_old new2| 6      3     1     300      3.862191
  lib 2x  1 2 0 0 0 0 0 1 1 5 0 0 0 1 2 3 0 0 0 0 1 1 3
  lib 2x  1 5 1 0 0 1 2 1 0 0 0 0 1 1 2 3 0 0 0 0 1 1 3
  lib 1x  1 3 1 6 2 0 0 1 0 757589400000000000 2 0 0 1 0 0 0 1 4 1 2 757589400000000000..
  lib 1x  1 2 0 0 0 0 0 1 1 3 1 6 0 0 0 1 3 3 0 0 0 0 1 1 4
  new 3x  1 2 0 0 0 0 0 1 1 6 0 0 0 1 2 3 0 0 0 0 1 1 4
  new 2x  1 6 1 0 0 1 2 1 0 0 0 0 1 1 2 3 0 0 0 0 1 1 4
  new 1x  1 6 2 0 0 1 0 757503000000000000 2 0 0 1 0 0 0 1 4 1 2 757503000000000000 2 0..
  new2 3x  1 2 0 0 0 0 0 1 1 6 0 0 0 1 2 3 0 0 0 0 1 1 4
  new2 2x  1 6 0 0 0 1 2 0 0 0 0 0 1 1 2 3 0 0 0 0 1 1 4
  new2 1x  1 6 0 0 0 1 0 757503000000000000 0 0 0 1 0 0 0 1 4 1 2 757503000000000000 0 0..
name               arm | failed kinds steps attempts secs    
-----------------------| ------------------------------------
roll_forgets_cache lib | 6      3     1     91       1.233768
roll_forgets_cache new | 6      3     1     228      2.265741
roll_forgets_cache new2| 6      2     1     224      2.228685
  lib 3x  1 0 757503000000000000 0 0 0 1 0 0 0 1 5 0 0 0 1 3
  lib 2x  1 5 2 0 0 1 0 757503000000000000 2 0 0 1 0 0 0 1 3
  lib 1x  1 5 1 0 0 1 0 757503000000000000 1 0 0 1 0 0 0 1 3
  new 3x  1 0 757503000000000000 0 0 0 1 0 0 0 1 6 0 0 0 1 4
  new 2x  1 6 2 0 0 1 0 757503000000000000 2 0 0 1 0 0 0 1 4
  new 1x  1 6 1 0 0 1 0 757503000000000000 1 0 0 1 0 0 0 1 4
  new2 3x  1 0 757503000000000000 0 0 0 1 0 0 0 1 6 0 0 0 1 4
  new2 3x  1 6 0 0 0 1 0 757503000000000000 0 0 0 1 0 0 0 1 4
name              arm | failed kinds steps attempts secs    
----------------------| ------------------------------------
cache_keeps_older lib | 6      5     1     223      3.179704
cache_keeps_older new | 6      4     1     356      4.199225
cache_keeps_older new2| 6      2     1     353      4.119388
  lib 2x  1 5 0 0 0 1 0 757503000000000000 3 0 0 1 0 0 0 1 0 757503000000000000 0 0 0 1..
  lib 1x  1 5 0 0 0 1 3 1 6 2 0 0 1 0 757589400000000000 4 0 0 1 0 0 0 1 0 757589400000..
  lib 1x  1 5 1 0 0 1 0 757503000000000000 3 0 0 1 0 0 0 1 0 757503000000000000 1 0 0 1..
  lib 1x  1 5 0 0 0 1 5 2 0 0 1 0 757503000000000000 0 0 0 1 0 0 0 1 0 7575030000000000..
  lib 1x  1 5 2 0 0 1 0 757503000000000000 3 0 0 1 0 0 0 1 0 757503000000000000 2 0 0 1..
  new 2x  1 6 0 0 0 1 6 2 0 0 1 0 757503000000000000 0 0 0 1 0 0 0 1 0 7575030000000000..
  new 2x  1 6 0 0 0 1 0 757503000000000000 3 0 0 1 0 0 0 1 0 757503000000000000 0 0 0 1..
  new 1x  1 6 1 0 0 1 0 757503000000000000 3 0 0 1 0 0 0 1 0 757503000000000000 1 0 0 1..
  new 1x  1 6 2 0 0 1 0 757503000000000000 3 0 0 1 0 0 0 1 0 757503000000000000 2 0 0 1..
  new2 4x  1 6 0 0 0 1 0 757503000000000000 3 0 0 1 0 0 0 1 0 757503000000000000 0 0 0 1..
  new2 2x  1 6 0 0 0 1 6 2 0 0 1 0 757503000000000000 0 0 0 1 0 0 0 1 0 7575030000000000..
