name               arm   | failed kinds steps attempts secs    
-------------------------| ------------------------------------
amend_without_bars fix   | 12     3     1     144      2.867749
amend_without_bars fixdup| 12     3     1     161      3.031644
amend_without_bars lib   | 12     3     1     112      2.622454
  fix 8x  1 4 1 2 757503000000000000 0 0 0 1 1 1 5 1 0 0 0
  fix 3x  1 1 757503000000000000 0 0 0 1 1 1 4 1 6 0 1 5 1 0 0 0
  fix 1x  1 4 1 4 1 4 1 2 757675800000000000 0 0 0 1 1 1 5 1 0 0 0
  fixdup 8x  1 4 1 2 757503000000000000 0 0 0 1 1 1 5 1 0 0 0
  fixdup 3x  1 1 757503000000000000 0 0 0 1 1 1 4 1 6 0 1 5 1 0 0 0
  fixdup 1x  1 4 1 4 1 4 1 2 757675800000000000 0 0 0 1 1 1 5 1 0 0 0
  lib 8x  1 3 1 2 757503000000000000 0 0 0 1 1 1 5 1 0 0 0
  lib 3x  1 1 757503000000000000 0 0 0 1 1 1 3 1 6 0 1 5 1 0 0 0
  lib 1x  1 3 1 4 1 4 1 2 757675800000000000 0 0 0 1 1 1 5 1 0 0 0
name            arm   | failed kinds steps    attempts secs    
----------------------| ---------------------------------------
merge_loses_pnl fix   | 12     6     3.333333 269      4.366541
merge_loses_pnl fixdup| 12     6     3.333333 263      4.135737
merge_loses_pnl lib   | 12     6     3.416667 258      4.549557
  fix 7x  fill (`A;`buy;1;1f) ; rename (`A;`N0;2024.01.03) ; fill (`N0;`sell;1;2f) ; eod
  fix 1x  1 6 2 0 0 1 0 757503000000000000 2 0 0 1 0 0 0 1 4 1 2 757503000000000000 2 0..
  fix 1x  rename (`A;`N0;2024.01.03) ; fill (`C;`buy;1;1f) ; rename (`C;`N1;2024.01.03) ; fill (`N1;`sell;1;2f) ; eod
  fix 1x  1 6 1 0 0 1 0 757503000000000000 1 0 0 1 0 0 0 1 4 1 1 757589400000000000 1 0..
  fix 1x  1 0 757503000000000000 2 0 0 1 0 0 0 1 6 2 0 0 1 4 1 1 757589400000000000 2 0..
  fix 1x  rename (`B;`N0;2024.01.03) ; fill (`B;`buy;1;1f) ; fill (`N0;`sell;1;2f) ; eod
  fixdup 7x  fill (`A;`buy;1;1f) ; rename (`A;`N0;2024.01.03) ; fill (`N0;`sell;1;2f) ; eod
  fixdup 1x  1 6 0 0 0 1 0 757503000000000000 0 0 0 1 0 0 0 1 4 1 2 757503000000000000 0 0..
  fixdup 1x  rename (`A;`N0;2024.01.03) ; fill (`C;`buy;1;1f) ; rename (`C;`N1;2024.01.03) ; fill (`N1;`sell;1;2f) ; eod
  fixdup 1x  1 6 0 0 0 1 0 757503000000000000 0 0 0 1 0 0 0 1 4 1 1 757589400000000000 0 0..
  fixdup 1x  1 0 757503000000000000 0 0 0 1 0 0 0 1 6 0 0 0 1 4 1 1 757589400000000000 0 0..
  fixdup 1x  rename (`B;`N0;2024.01.03) ; fill (`B;`buy;1;1f) ; fill (`N0;`sell;1;2f) ; eod
  lib 7x  fill (`A;`buy;1;1f) ; rename (`A;`N0;2024.01.03) ; fill (`N0;`sell;1;2f) ; eod
  lib 1x  1 3 1 6 2 0 0 1 0 757589400000000000 2 0 0 1 0 0 0 1 4 1 2 757589400000000000..
  lib 1x  rename (`A;`N0;2024.01.03) ; eod ; fill (`C;`buy;1;1f) ; rename (`C;`N1;2024.01.04) ; fill (`N1;`sell;1;2f) ; eod
  lib 1x  1 3 1 6 0 0 0 1 0 757589400000000000 0 0 0 1 0 0 0 1 4 1 1 757675800000000000..
  lib 1x  1 3 1 0 757589400000000000 2 0 0 1 0 0 0 1 6 2 0 0 1 4 1 1 757675800000000000..
  lib 1x  rename (`B;`N0;2024.01.03) ; fill (`B;`buy;1;1f) ; fill (`N0;`sell;1;2f) ; eod
name             arm   | failed kinds steps attempts secs    
-----------------------| ------------------------------------
oracle_by_stored fix   | 12     6     1     358      6.638153
oracle_by_stored fixdup| 12     4     1     344      6.606748
oracle_by_stored lib   | 12     8     1     342      7.844616
  fix 3x  1 6 0 0 0 1 0 757503000000000000 0 0 0 1 0 0 0 1 4 1 1 757589400000000000 0 0..
  fix 2x  1 6 2 0 0 1 0 757503000000000000 2 0 0 1 0 0 0 1 4 1 2 757503000000000000 2 0..
  fix 2x  1 0 757503000000000000 2 0 0 1 0 0 0 1 6 2 0 0 1 4 1 1 757589400000000000 2 0..
  fix 2x  1 6 1 0 0 1 0 757503000000000000 1 0 0 1 0 0 0 1 4 1 1 757589400000000000 1 0..
  fix 2x  1 0 757503000000000000 0 0 0 1 0 0 0 1 6 0 0 0 1 4 1 1 757589400000000000 0 0..
  fix 1x  1 6 0 0 0 1 0 757503000000000000 1 0 0 1 0 0 0 1 6 0 0 0 1 4 1 1 757589400000..
  fixdup 5x  1 6 0 0 0 1 0 757503000000000000 0 0 0 1 0 0 0 1 4 1 1 757589400000000000 0 0..
  fixdup 4x  1 0 757503000000000000 0 0 0 1 0 0 0 1 6 0 0 0 1 4 1 1 757589400000000000 0 0..
  fixdup 2x  1 6 0 0 0 1 0 757503000000000000 0 0 0 1 0 0 0 1 4 1 2 757503000000000000 0 0..
  fixdup 1x  1 6 0 0 0 1 0 757503000000000000 1 0 0 1 0 0 0 1 6 0 0 0 1 4 1 1 757589400000..
  lib 3x  1 3 1 6 0 0 0 1 0 757589400000000000 0 0 0 1 0 0 0 1 4 1 1 757675800000000000..
  lib 2x  1 3 1 6 2 0 0 1 0 757589400000000000 2 0 0 1 0 0 0 1 4 1 2 757589400000000000..
  lib 2x  1 3 1 0 757589400000000000 2 0 0 1 0 0 0 1 6 2 0 0 1 4 1 1 757675800000000000..
  lib 1x  1 1 757503000000000000 0 0 0 1 1 1 3 1 6 0 1 6 1 0 0 1 0 757589400000000000 1..
  lib 1x  1 1 757503000000000000 0 0 0 1 1 1 5 0 1 0 757503000000000000 0 0 0 1 0 0 0 1..
  lib 1x  1 5 0 0 0 1 3 1 0 757589400000000000 2 0 0 1 0 0 0 1 6 1 0 0 1 4 1 1 75767580..
  lib 1x  1 0 757503000000000000 0 0 0 1 0 0 0 1 5 0 0 0 1 3 1 1 757589400000000000 0 0..
  lib 1x  1 5 0 0 0 1 3 1 0 757589400000000000 1 0 0 1 0 0 0 1 6 0 0 0 1 4 1 1 75767580..
name            arm   | failed kinds steps attempts secs    
----------------------| ------------------------------------
merge_keeps_old fix   | 12     4     1     214      3.40897 
merge_keeps_old fixdup| 12     3     1     205      3.1813  
merge_keeps_old lib   | 12     5     1     177      3.153657
  fix 7x  1 2 0 0 0 0 0 1 1 6 0 0 0 1 2 3 0 0 0 0 1 1 4
  fix 3x  1 6 1 0 0 1 2 1 0 0 0 0 1 1 2 3 0 0 0 0 1 1 4
  fix 1x  1 6 2 0 0 1 0 757503000000000000 2 0 0 1 0 0 0 1 4 1 2 757503000000000000 2 0..
  fix 1x  1 6 0 0 0 1 2 0 0 0 0 0 1 1 2 3 0 0 0 0 1 1 4
  fixdup 7x  1 2 0 0 0 0 0 1 1 6 0 0 0 1 2 3 0 0 0 0 1 1 4
  fixdup 4x  1 6 0 0 0 1 2 0 0 0 0 0 1 1 2 3 0 0 0 0 1 1 4
  fixdup 1x  1 6 0 0 0 1 0 757503000000000000 0 0 0 1 0 0 0 1 4 1 2 757503000000000000 0 0..
  lib 6x  1 2 0 0 0 0 0 1 1 5 0 0 0 1 2 3 0 0 0 0 1 1 3
  lib 3x  1 5 1 0 0 1 2 1 0 0 0 0 1 1 2 3 0 0 0 0 1 1 3
  lib 1x  1 3 1 6 2 0 0 1 0 757589400000000000 2 0 0 1 0 0 0 1 4 1 2 757589400000000000..
  lib 1x  1 2 0 0 0 0 0 1 1 3 1 6 0 0 0 1 3 3 0 0 0 0 1 1 4
  lib 1x  1 5 0 0 0 1 2 0 0 0 0 0 1 1 2 3 0 0 0 0 1 1 3
name               arm   | failed kinds steps attempts secs    
-------------------------| ------------------------------------
roll_forgets_cache fix   | 12     3     1     105      1.545103
roll_forgets_cache fixdup| 12     2     1     101      1.491959
roll_forgets_cache lib   | 12     5     1     106      1.670024
  fix 8x  1 0 757503000000000000 0 0 0 1 0 0 0 1 6 0 0 0 1 4
  fix 3x  1 6 2 0 0 1 0 757503000000000000 2 0 0 1 0 0 0 1 4
  fix 1x  1 6 1 0 0 1 0 757503000000000000 1 0 0 1 0 0 0 1 4
  fixdup 8x  1 0 757503000000000000 0 0 0 1 0 0 0 1 6 0 0 0 1 4
  fixdup 4x  1 6 0 0 0 1 0 757503000000000000 0 0 0 1 0 0 0 1 4
  lib 5x  1 0 757503000000000000 0 0 0 1 0 0 0 1 5 0 0 0 1 3
  lib 3x  1 5 2 0 0 1 0 757503000000000000 2 0 0 1 0 0 0 1 3
  lib 2x  1 3 1 0 757589400000000000 0 0 0 1 0 0 0 1 6 0 0 0 1 4
  lib 1x  1 5 1 0 0 1 0 757503000000000000 1 0 0 1 0 0 0 1 3
  lib 1x  1 3 1 6 0 0 0 1 0 757589400000000000 0 0 0 1 0 0 0 1 4
name              arm   | failed kinds steps attempts secs    
------------------------| ------------------------------------
cache_keeps_older fix   | 12     4     1     254      3.46597 
cache_keeps_older fixdup| 12     2     1     252      3.421918
cache_keeps_older lib   | 12     5     1     228      3.508772
  fix 4x  1 6 0 0 0 1 6 2 0 0 1 0 757503000000000000 0 0 0 1 0 0 0 1 0 7575030000000000..
  fix 3x  1 6 0 0 0 1 0 757503000000000000 3 0 0 1 0 0 0 1 0 757503000000000000 0 0 0 1..
  fix 3x  1 6 2 0 0 1 0 757503000000000000 3 0 0 1 0 0 0 1 0 757503000000000000 2 0 0 1..
  fix 2x  1 6 1 0 0 1 0 757503000000000000 3 0 0 1 0 0 0 1 0 757503000000000000 1 0 0 1..
  fixdup 8x  1 6 0 0 0 1 0 757503000000000000 3 0 0 1 0 0 0 1 0 757503000000000000 0 0 0 1..
  fixdup 4x  1 6 0 0 0 1 6 2 0 0 1 0 757503000000000000 0 0 0 1 0 0 0 1 0 7575030000000000..
  lib 3x  1 5 0 0 0 1 0 757503000000000000 3 0 0 1 0 0 0 1 0 757503000000000000 0 0 0 1..
  lib 3x  1 5 2 0 0 1 0 757503000000000000 3 0 0 1 0 0 0 1 0 757503000000000000 2 0 0 1..
  lib 2x  1 5 0 0 0 1 3 1 6 2 0 0 1 0 757589400000000000 4 0 0 1 0 0 0 1 0 757589400000..
  lib 2x  1 5 1 0 0 1 0 757503000000000000 3 0 0 1 0 0 0 1 0 757503000000000000 1 0 0 1..
  lib 2x  1 5 0 0 0 1 5 2 0 0 1 0 757503000000000000 0 0 0 1 0 0 0 1 0 7575030000000000..
